"","adams_speeches_000.txt","adams_speeches_001.txt","adams_speeches_002.txt","adams_speeches_003.txt","adams_speeches_004.txt","adams_speeches_005.txt","adams_speeches_006.txt","bush_speeches_000.txt","bush_speeches_001.txt","bush_speeches_002.txt","bush_speeches_003.txt","bush_speeches_004.txt","bush_speeches_005.txt","clinton_speeches_000.txt","clinton_speeches_001.txt","clinton_speeches_002.txt","clinton_speeches_003.txt","clinton_speeches_004.txt","clinton_speeches_005.txt","gwbush_speeches_000.txt","gwbush_speeches_001.txt","gwbush_speeches_002.txt","gwbush_speeches_003.txt","gwbush_speeches_004.txt","gwbush_speeches_005.txt","jefferson_speeches_001.txt","jefferson_speeches_002.txt","jefferson_speeches_003.txt","jefferson_speeches_004.txt","jefferson_speeches_005.txt","jefferson_speeches_006.txt","lincoln_speeches_000.txt","lincoln_speeches_001.txt","lincoln_speeches_002.txt","lincoln_speeches_003.txt","lincoln_speeches_004.txt","lincoln_speeches_005.txt","reagan_speeches_000.txt","reagan_speeches_001.txt","reagan_speeches_002.txt","reagan_speeches_003.txt","reagan_speeches_004.txt","reagan_speeches_005.txt","washington_speeches_000.txt","washington_speeches_001.txt","washington_speeches_002.txt","washington_speeches_003.txt","washington_speeches_004.txt","washington_speeches_005.txt"
"adams_speeches_000.txt",0,0.953,0.997,0.969,0.996,0.997,0.818,0,0,0,0,0,0,0,0,0,0,0,0,0,0,0,0,0,0,0.928,0.937,0.992,0.89,0.986,0.963,0,0,0,0,0,0.875,0,0,0,0,0,0,0.942,0.99,0.969,0.981,0.917,0.989
"adams_speeches_001.txt",0.953,0,0.951,0.991,0.969,0.951,0.934,0,0,0,0.851,0,0,0,0,0,0,0,0,0,0,0,0,0,0,0.995,0.989,0.973,0.973,0.964,0.948,0,0,0,0.829,0,0.938,0,0,0,0,0,0,0.997,0.974,0.993,0.98,0.989,0.971
"adams_speeches_002.txt",0.997,0.951,0,0.968,0.996,0.999,0.819,0,0,0,0,0,0,0,0,0,0,0,0,0,0,0,0,0,0,0.932,0.945,0.994,0.897,0.991,0.981,0,0,0,0,0,0.879,0,0,0,0,0,0,0.945,0.994,0.969,0.986,0.916,0.993
"adams_speeches_003.txt",0.969,0.991,0.968,0,0.984,0.969,0.912,0,0,0,0.846,0,0,0,0,0,0,0,0,0,0,0,0,0,0,0.978,0.976,0.986,0.966,0.981,0.96,0,0,0,0,0,0.889,0,0,0,0,0,0,0.991,0.987,0.984,0.991,0.982,0.975
"adams_speeches_004.txt",0.996,0.969,0.996,0.984,0,0.997,0.851,0,0,0,0,0,0,0,0,0,0,0,0,0,0,0,0,0,0,0.949,0.954,0.998,0.919,0.995,0.974,0,0,0,0,0,0.881,0,0,0,0,0,0,0.964,0.997,0.978,0.993,0.941,0.994
"adams_speeches_005.txt",0.997,0.951,0.999,0.969,0.997,0,0.824,0,0,0,0,0,0,0,0,0,0,0,0,0,0,0,0,0,0,0.93,0.94,0.993,0.891,0.99,0.973,0,0,0,0,0,0.871,0,0,0,0,0,0,0.945,0.992,0.966,0.985,0.914,0.992
"adams_speeches_006.txt",0.818,0.934,0.819,0.912,0.851,0.824,0,0,0,0,0.874,0,0,0,0,0,0,0,0,0,0.806,0,0,0,0,0.947,0.941,0.851,0.937,0.834,0.845,0,0,0,0.871,0,0.85,0,0,0,0,0,0,0.936,0.857,0.903,0.866,0.927,0.841
"bush_speeches_000.txt",0,0,0,0,0,0,0,0,0,0,0,0,0,0,0,0,0,0,0,0,0,0,0,0,0,0,0,0,0,0,0,0,0,0,0,0,0,0,0,0,0,0,0,0,0,0,0,0,0
"bush_speeches_001.txt",0,0,0,0,0,0,0,0,0,0.978,0.877,0.896,0.898,0.978,0.954,0.922,0.98,0.873,0,0,0.978,0.976,0.971,0.877,0.976,0,0,0,0.831,0,0,0,0,0,0.935,0,0,0.852,0,0.976,0.98,0.981,0.99,0,0,0,0,0,0
"bush_speeches_002.txt",0,0,0,0,0,0,0,0,0.978,0,0.827,0.899,0.883,0.967,0.926,0.917,0.94,0.909,0,0,0.927,0.947,0.966,0.872,0.928,0,0,0,0,0,0,0,0,0,0.849,0,0,0.91,0.851,0.988,0.959,0.976,0.962,0,0,0,0,0,0
"bush_speeches_003.txt",0,0.851,0,0.846,0,0,0.874,0,0.877,0.827,0,0.888,0,0.918,0,0,0.908,0,0,0,0.884,0.885,0.878,0,0.871,0.853,0.839,0,0.914,0,0,0,0,0,0.827,0,0,0,0,0.862,0.866,0.855,0.882,0.863,0,0.844,0.803,0.877,0
"bush_speeches_004.txt",0,0,0,0,0,0,0,0,0.896,0.899,0.888,0,0,0.92,0,0,0.877,0,0,0,0.871,0.862,0.865,0,0.834,0,0,0,0,0,0,0,0,0,0,0,0,0.941,0.852,0.904,0.917,0.913,0.91,0,0,0,0,0,0
"bush_speeches_005.txt",0,0,0,0,0,0,0,0,0.898,0.883,0,0,0,0.845,0.974,0.966,0.914,0.936,0.918,0,0.905,0.939,0.91,0.981,0.936,0,0,0,0,0,0,0,0,0,0.809,0,0,0,0,0.84,0.877,0.893,0.885,0,0,0,0,0,0
"clinton_speeches_000.txt",0,0,0,0,0,0,0,0,0.978,0.967,0.918,0.92,0.845,0,0.897,0.885,0.952,0.832,0,0,0.945,0.953,0.967,0.826,0.939,0,0,0,0.827,0,0,0,0,0,0.897,0,0,0.901,0,0.98,0.968,0.966,0.971,0,0,0,0,0,0
"clinton_speeches_001.txt",0,0,0,0,0,0,0,0,0.954,0.926,0,0,0.974,0.897,0,0.96,0.965,0.932,0.859,0,0.966,0.975,0.925,0.964,0.977,0,0,0,0,0,0,0,0,0,0.891,0,0,0,0,0.897,0.943,0.953,0.951,0,0,0,0,0,0
"clinton_speeches_002.txt",0,0,0,0,0,0,0,0,0.922,0.917,0,0,0.966,0.885,0.96,0,0.908,0.962,0.896,0,0.893,0.925,0.902,0.977,0.913,0,0,0,0,0,0,0,0,0,0.835,0,0,0,0,0.895,0.881,0.899,0.889,0,0,0,0,0,0
"clinton_speeches_003.txt",0,0,0,0,0,0,0,0,0.98,0.94,0.908,0.877,0.914,0.952,0.965,0.908,0,0.85,0,0,0.991,0.994,0.956,0.887,0.989,0,0,0,0.876,0,0,0,0,0,0.915,0,0,0,0,0.931,0.968,0.969,0.979,0.803,0,0,0,0.846,0
"clinton_speeches_004.txt",0,0,0,0,0,0,0,0,0.873,0.909,0,0,0.936,0.832,0.932,0.962,0.85,0,0.899,0,0.833,0.875,0.854,0.973,0.855,0,0,0,0,0,0,0,0,0,0,0,0,0,0,0.876,0.845,0.884,0.848,0,0,0,0,0,0
"clinton_speeches_005.txt",0,0,0,0,0,0,0,0,0,0,0,0,0.918,0,0.859,0.896,0,0.899,0,0,0,0,0,0.952,0,0,0,0,0,0,0,0,0,0,0,0,0,0,0,0,0,0,0,0,0,0,0,0,0
"gwbush_speeches_000.txt",0,0,0,0,0,0,0,0,0,0,0,0,0,0,0,0,0,0,0,0,0,0,0,0,0,0,0,0,0,0,0,0,0,0,0,0,0,0,0,0,0,0,0,0,0,0,0,0,0
"gwbush_speeches_001.txt",0,0,0,0,0,0,0.806,0,0.978,0.927,0.884,0.871,0.905,0.945,0.966,0.893,0.991,0.833,0,0,0,0.988,0.944,0.873,0.994,0.813,0,0,0.885,0,0,0,0,0,0.943,0,0,0,0,0.917,0.982,0.973,0.989,0.823,0,0,0,0.87,0
"gwbush_speeches_002.txt",0,0,0,0,0,0,0,0,0.976,0.947,0.885,0.862,0.939,0.953,0.975,0.925,0.994,0.875,0,0,0.988,0,0.966,0.91,0.99,0,0,0,0.843,0,0,0,0,0,0.896,0,0,0,0,0.927,0.975,0.977,0.979,0,0,0,0,0.815,0
"gwbush_speeches_003.txt",0,0,0,0,0,0,0,0,0.971,0.966,0.878,0.865,0.91,0.967,0.925,0.902,0.956,0.854,0,0,0.944,0.966,0,0.864,0.96,0,0,0,0,0,0,0,0,0,0.867,0,0,0.834,0,0.956,0.952,0.957,0.961,0,0,0,0,0,0
"gwbush_speeches_004.txt",0,0,0,0,0,0,0,0,0.877,0.872,0,0,0.981,0.826,0.964,0.977,0.887,0.973,0.952,0,0.873,0.91,0.864,0,0.901,0,0,0,0,0,0,0,0,0,0,0,0,0,0,0.839,0.848,0.876,0.857,0,0,0,0,0,0
"gwbush_speeches_005.txt",0,0,0,0,0,0,0,0,0.976,0.928,0.871,0.834,0.936,0.939,0.977,0.913,0.989,0.855,0,0,0.994,0.99,0.96,0.901,0,0,0,0,0.859,0,0,0,0,0,0.936,0,0,0,0,0.916,0.97,0.965,0.981,0,0,0,0,0.839,0
"jefferson_speeches_001.txt",0.928,0.995,0.932,0.978,0.949,0.93,0.947,0,0,0,0.853,0,0,0,0,0,0,0,0,0,0.813,0,0,0,0,0,0.993,0.955,0.98,0.948,0.944,0,0,0,0.866,0,0.949,0,0,0,0,0,0,0.996,0.959,0.987,0.968,0.986,0.957
"jefferson_speeches_002.txt",0.937,0.989,0.945,0.976,0.954,0.94,0.941,0,0,0,0.839,0,0,0,0,0,0,0,0,0,0,0,0,0,0,0.993,0,0.961,0.975,0.952,0.965,0,0,0,0.832,0,0.944,0,0,0,0,0,0,0.988,0.965,0.985,0.968,0.972,0.959
"jefferson_speeches_003.txt",0.992,0.973,0.994,0.986,0.998,0.993,0.851,0,0,0,0,0,0,0,0,0,0,0,0,0,0,0,0,0,0,0.955,0.961,0,0.932,0.997,0.978,0,0,0,0,0,0.893,0,0,0,0,0,0,0.97,0.999,0.983,0.997,0.95,0.995
"jefferson_speeches_004.txt",0.89,0.973,0.897,0.966,0.919,0.891,0.937,0,0.831,0,0.914,0,0,0.827,0,0,0.876,0,0,0,0.885,0.843,0,0,0.859,0.98,0.975,0.932,0,0.93,0.924,0,0,0,0.895,0,0.897,0,0,0,0.83,0,0.847,0.984,0.938,0.963,0.948,0.986,0.919
"jefferson_speeches_005.txt",0.986,0.964,0.991,0.981,0.995,0.99,0.834,0,0,0,0,0,0,0,0,0,0,0,0,0,0,0,0,0,0,0.948,0.952,0.997,0.93,0,0.979,0,0,0,0,0,0.88,0,0,0,0,0,0,0.966,0.998,0.976,0.997,0.945,0.993
"jefferson_speeches_006.txt",0.963,0.948,0.981,0.96,0.974,0.973,0.845,0,0,0,0,0,0,0,0,0,0,0,0,0,0,0,0,0,0,0.944,0.965,0.978,0.924,0.979,0,0,0,0,0,0,0.886,0,0,0,0,0,0,0.953,0.982,0.961,0.977,0.92,0.975
"lincoln_speeches_000.txt",0,0,0,0,0,0,0,0,0,0,0,0,0,0,0,0,0,0,0,0,0,0,0,0,0,0,0,0,0,0,0,0,0.887,0,0,0,0,0,0,0,0,0,0,0,0,0,0,0,0
"lincoln_speeches_001.txt",0,0,0,0,0,0,0,0,0,0,0,0,0,0,0,0,0,0,0,0,0,0,0,0,0,0,0,0,0,0,0,0.887,0,0,0,0,0,0,0,0,0,0,0,0,0,0,0,0,0
"lincoln_speeches_002.txt",0,0,0,0,0,0,0,0,0,0,0,0,0,0,0,0,0,0,0,0,0,0,0,0,0,0,0,0,0,0,0,0,0,0,0,0,0,0,0,0,0,0,0,0,0,0,0,0,0
"lincoln_speeches_003.txt",0,0.829,0,0,0,0,0.871,0,0.935,0.849,0.827,0,0.809,0.897,0.891,0.835,0.915,0,0,0,0.943,0.896,0.867,0,0.936,0.866,0.832,0,0.895,0,0,0,0,0,0,0,0.815,0,0,0.877,0.915,0.886,0.936,0.851,0,0,0,0.874,0
"lincoln_speeches_004.txt",0,0,0,0,0,0,0,0,0,0,0,0,0,0,0,0,0,0,0,0,0,0,0,0,0,0,0,0,0,0,0,0,0,0,0,0,0,0,0,0,0,0,0,0,0,0,0,0,0
"lincoln_speeches_005.txt",0.875,0.938,0.879,0.889,0.881,0.871,0.85,0,0,0,0,0,0,0,0,0,0,0,0,0,0,0,0,0,0,0.949,0.944,0.893,0.897,0.88,0.886,0,0,0,0.815,0,0,0,0,0,0,0,0,0.924,0.895,0.948,0.901,0.91,0.917
"reagan_speeches_000.txt",0,0,0,0,0,0,0,0,0.852,0.91,0,0.941,0,0.901,0,0,0,0,0,0,0,0,0.834,0,0,0,0,0,0,0,0,0,0,0,0,0,0,0,0.947,0.923,0.864,0.881,0.853,0,0,0,0,0,0
"reagan_speeches_001.txt",0,0,0,0,0,0,0,0,0,0.851,0,0.852,0,0,0,0,0,0,0,0,0,0,0,0,0,0,0,0,0,0,0,0,0,0,0,0,0,0.947,0,0.842,0,0.804,0,0,0,0,0,0,0
"reagan_speeches_002.txt",0,0,0,0,0,0,0,0,0.976,0.988,0.862,0.904,0.84,0.98,0.897,0.895,0.931,0.876,0,0,0.917,0.927,0.956,0.839,0.916,0,0,0,0,0,0,0,0,0,0.877,0,0,0.923,0.842,0,0.947,0.959,0.957,0,0,0,0,0,0
"reagan_speeches_003.txt",0,0,0,0,0,0,0,0,0.98,0.959,0.866,0.917,0.877,0.968,0.943,0.881,0.968,0.845,0,0,0.982,0.975,0.952,0.848,0.97,0,0,0,0.83,0,0,0,0,0,0.915,0,0,0.864,0,0.947,0,0.994,0.996,0,0,0,0,0.813,0
"reagan_speeches_004.txt",0,0,0,0,0,0,0,0,0.981,0.976,0.855,0.913,0.893,0.966,0.953,0.899,0.969,0.884,0,0,0.973,0.977,0.957,0.876,0.965,0,0,0,0,0,0,0,0,0,0.886,0,0,0.881,0.804,0.959,0.994,0,0.991,0,0,0,0,0,0
"reagan_speeches_005.txt",0,0,0,0,0,0,0,0,0.99,0.962,0.882,0.91,0.885,0.971,0.951,0.889,0.979,0.848,0,0,0.989,0.979,0.961,0.857,0.981,0,0,0,0.847,0,0,0,0,0,0.936,0,0,0.853,0,0.957,0.996,0.991,0,0,0,0,0,0.825,0
"washington_speeches_000.txt",0.942,0.997,0.945,0.991,0.964,0.945,0.936,0,0,0,0.863,0,0,0,0,0,0.803,0,0,0,0.823,0,0,0,0,0.996,0.988,0.97,0.984,0.966,0.953,0,0,0,0.851,0,0.924,0,0,0,0,0,0,0,0.973,0.988,0.982,0.992,0.966
"washington_speeches_001.txt",0.99,0.974,0.994,0.987,0.997,0.992,0.857,0,0,0,0,0,0,0,0,0,0,0,0,0,0,0,0,0,0,0.959,0.965,0.999,0.938,0.998,0.982,0,0,0,0,0,0.895,0,0,0,0,0,0,0.973,0,0.984,0.997,0.952,0.994
"washington_speeches_002.txt",0.969,0.993,0.969,0.984,0.978,0.966,0.903,0,0,0,0.844,0,0,0,0,0,0,0,0,0,0,0,0,0,0,0.987,0.985,0.983,0.963,0.976,0.961,0,0,0,0,0,0.948,0,0,0,0,0,0,0.988,0.984,0,0.985,0.974,0.984
"washington_speeches_003.txt",0.981,0.98,0.986,0.991,0.993,0.985,0.866,0,0,0,0.803,0,0,0,0,0,0,0,0,0,0,0,0,0,0,0.968,0.968,0.997,0.948,0.997,0.977,0,0,0,0,0,0.901,0,0,0,0,0,0,0.982,0.997,0.985,0,0.965,0.994
"washington_speeches_004.txt",0.917,0.989,0.916,0.982,0.941,0.914,0.927,0,0,0,0.877,0,0,0,0,0,0.846,0,0,0,0.87,0.815,0,0,0.839,0.986,0.972,0.95,0.986,0.945,0.92,0,0,0,0.874,0,0.91,0,0,0,0.813,0,0.825,0.992,0.952,0.974,0.965,0,0.941
"washington_speeches_005.txt",0.989,0.971,0.993,0.975,0.994,0.992,0.841,0,0,0,0,0,0,0,0,0,0,0,0,0,0,0,0,0,0,0.957,0.959,0.995,0.919,0.993,0.975,0,0,0,0,0,0.917,0,0,0,0,0,0,0.966,0.994,0.984,0.994,0.941,0
